matchAhead vs Pimentel Comparison Report
=========================================

CONFIDENCE INTERVAL COMPARISON
------------------------------
  grade subject matchahead_estimate pimentel_estimate estimate_difference
1     3  glmath       -1.900754e-02     -0.0035561438        -0.015451399
2     3  readng       -5.466645e-03     -0.0063593689         0.000892724
3     4  glmath       -6.592700e-03     -0.0078556738         0.001262974
4     4  readng       -1.525088e-05     -0.0090485252         0.009033274
5     5  glmath        3.614060e-03     -0.0009555442         0.004569604
6     5  readng       -5.443097e-03     -0.0008232028        -0.004619894
  matchahead_se pimentel_se matchahead_ci_width pimentel_ci_width
1   0.010768247 0.003727368          0.04221153        0.01461128
2   0.008135179 0.003820954          0.03188990        0.01497814
3   0.003443464 0.005659024          0.01349838        0.02218338
4   0.002652322 0.006053593          0.01039710        0.02373009
5   0.003616894 0.005180358          0.01417822        0.02030700
6   0.003220219 0.005258084          0.01262326        0.02061169
  ci_width_ratio  ci_overlap relative_efficiency
1      2.8889679 0.012960007           0.1198159
2      2.1290962 0.014978141           0.2206020
3      0.6084908 0.013498379           2.7007973
4      0.4381400 0.008030319           5.2092370
5      0.6981938 0.012673009           2.0513889
6      0.6124320 0.011997580           2.6661477

COMPUTATION TIME COMPARISON
---------------------------
   grade subject matchahead.total_seconds pimentel.total_seconds
1      3  glmath                 111.2609               1499.311
7      3  readng                 123.0438               1709.961
13     4  glmath                 107.5039               1892.401
19     4  readng                 102.9729               2161.616
25     5  glmath                 109.2113               2179.685
31     5  readng                 105.5316               2046.636
   speedup.total_seconds matchahead.mean_per_pair pimentel.mean_per_pair
1               13.47564              0.001236232             0.01665901
7               13.89717              0.001367154             0.01899956
13              17.60309              0.001194488             0.02102668
19              20.99210              0.001144143             0.02401796
25              19.95842              0.001213458             0.02421872
31              19.39358              0.001172573             0.02274040
   speedup.mean_per_pair
1               13.47564
7               13.89717
13              17.60309
19              20.99210
25              19.95842
31              19.39358

